0x5593fe0bda38,2
0|1|N|
1|2|0|0x5593fe0bdc08-0x5593fe0d3080-0x5593fe0c81e0-0x5593fe0d3118-0x5593fe0d3218-0x5593fe0d3270-0x5593fe0d6520-0x5593fe0d6558
2|N|1|#
0x5593fe0d6688,7
0|1,3|N|
1|5|0|0x5593fe0db5a8-0x5593fe0dbbf8-0x5593fe0db678-0x5593fe0dbc90-0x5593fe0dbce0-0x5593fe0dbd38-0x5593fe0dc248-0x5593fe0dc2c0-0x5593fe0dc308
2|4|5|0x5593fe0d6940
3|4|0|0x5593fe0d81c0-0x5593fe0d81e8-0x5593fe0d82b0-0x5593fe0d8800-0x5593fe0d8978-0x5593fe0d8fc8-0x5593fe0d8a48-0x5593fe0d9060-0x5593fe0d90b0-0x5593fe0d9108-0x5593fe0db310-0x5593fe0db388-0x5593fe0db3d0
4|5|3,2|0x5593fe0d6a40-0x5593fe0d6f68-0x5593fe0d6fb0-0x5593fe0d7100-0x5593fe0d70c0
5|2,6|4,1|0x5593fe0d6898-0x5593fe0d6900
6|7|5|0x5593fe0d67b0-0x5593fe0d6808
7|N|6|#

