0x5565ea6246f8,15
0|1|N|
1|13|0|0x5565ea651fb8-0x5565ea659160-0x5565ea654c30-0x5565ea6591e8-0x5565ea657f20-0x5565ea65a3e8-0x5565ea65a418
2|3,4|13|0x5565ea651590
3|4|2|0x5565ea651d88-0x5565ea651df0
4|9,10|3,2|0x5565ea651c48
5|6|10|
6|7,8|5|0x5565ea651bd0
7|8|6|0x5565ea651b00
8|9|7,6|0x5565ea651ab0
9|10|8,4|0x5565ea6519e0
10|5,11,12|9,4|0x5565ea6519a0
11|12|10|0x5565ea651910
12|13|11,10|0x5565ea651760-0x5565ea6517b0-0x5565ea651850-0x5565ea6518c0
13|2,14|12,1|0x5565ea6514c0-0x5565ea651550
14|15|13|0x5565ea651358-0x5565ea651380-0x5565ea651438
15|N|14|#

