0x55e26fc0a608,8
0|1|N|
1|6|0|0x55e26fd69228-0x55e26fd69258
2|3,4,5|6|0x55e26fd67a10
3|4|2|0x55e26fd67e70-0x55e26fd67f50-0x55e26fd67fb8
4|5|3,2|0x55e26fd67c78-0x55e26fd67ce8
5|6|4,2|0x55e26fd67b40-0x55e26fd67bb0
6|2,7|5,1|0x55e26fd679b0
7|8|6|0x55e26fd42c78-0x55e26fd470f8-0x55e26fd49fb0-0x55e26fd50188-0x55e26fd53040-0x55e26fd55ef0-0x55e26fd58da0-0x55e26fd5bc50-0x55e26fd5eb00-0x55e26fd619f0-0x55e26fd61e98-0x55e26fd61f00-0x55e26fd62018-0x55e26fd66350-0x55e26fd64cc0-0x55e26fd663d8-0x55e26fd65110-0x55e26fd67758-0x55e26fd67780-0x55e26fd67868-0x55e26fd67940
8|N|7|#

