0x55981a4ae3f8,14
0|1|N|
1|11,12|0|0x55981a4b45a8-0x55981a4b45d8
2|3,4,6,7|12|0x55981a4aea18
3|5|2|0x55981a4b43f8-0x55981a4b4480
4|5|2|0x55981a4b4258-0x55981a4b42e0
5|9,10|4,3|0x55981a4b4108-0x55981a4b4170
6|8|2|0x55981a4b4020
7|8|2|0x55981a4b3f60
8|9|7,6|0x55981a4aed40-0x55981a4aee20-0x55981a4aeeb8
9|10|8,5|0x55981a4aeb98-0x55981a4aec00
10|11|9,5|0x55981a4aeaa0-0x55981a4aeb08
11|12|10,1|0x55981a4ae930-0x55981a4ae998
12|2,13|11,1|0x55981a4ae838-0x55981a4ae8a0
13|14|12|0x55981a4ae620-0x55981a4ae6b0-0x55981a4ae6f8-0x55981a4ae7b0
14|N|13|#

