0x561990eee1e0,13
0|1|N|
1|5|0|0x561990f77710-0x561990f77740
2|3,4|5|0x561990f62750
3|4|2|0x561990f62c20-0x561990f62c90
4|5|3,2|0x561990f628f0-0x561990f62968-0x561990f62a70-0x561990f62ae8-0x561990f62b70
5|2,6|4,1|0x561990f41520-0x561990f62630
6|11|5|0x561990f40d98-0x561990f41400
7|8,9,10|11|0x561990f40460
8|9|7|0x561990f40b48-0x561990f40bd0-0x561990f40c20
9|10|8,7|0x561990f40700-0x561990f407e0-0x561990f40838-0x561990f40930-0x561990f409b8-0x561990f40a40
10|11|9,7|0x561990f40580-0x561990f40618
11|7,12|10,6|0x561990f403b8-0x561990f40420
12|13|11|0x561990f3e2c0-0x561990f777e0-0x561990f3e3e8-0x561990f777c8-0x561990f40198-0x561990f401c0-0x561990f40278-0x561990f40330
13|N|12|#

