0x55a2ecfd2638,19
0|1|N|
1|17|0|0x55a2ed008078-0x55a2ed0080a8
2|3|17|0x55a2ed001db0
3|8|2|0x55a2ed006e00
4|5,6|8|0x55a2ed003028
5|7|4|0x55a2ed005b68-0x55a2ed006bd0-0x55a2ed006c80
6|7|4|0x55a2ed003320-0x55a2ed005530-0x55a2ed005a30
7|8|6,5|0x55a2ed0030e8-0x55a2ed003180
8|4,9|7,3|0x55a2ed002f80-0x55a2ed002fe8
9|15|8|0x55a2ed002bb0-0x55a2ed002c40-0x55a2ed002c88-0x55a2ed002d68-0x55a2ed002df8-0x55a2ed002e40-0x55a2ed002ef8
10|11,12,13,14|15|0x55a2ed0021a0
11|12|10|0x55a2ed002908
12|13|11,10|0x55a2ed002700-0x55a2ed0027c0-0x55a2ed002888
13|14|12,10|0x55a2ed0024d0-0x55a2ed002590-0x55a2ed002618
14|15|13,10|0x55a2ed002260-0x55a2ed002380-0x55a2ed002408
15|10,16|14,9|0x55a2ed002090-0x55a2ed0020f8-0x55a2ed002160
16|17|15|0x55a2ed001e68-0x55a2ed001f20
17|2,18|16,1|0x55a2ed001ce0-0x55a2ed001d70
18|19|17|0x55a2ed001b78-0x55a2ed001ba0-0x55a2ed001c58
19|N|18|#

