0x565241baeab8,20
0|1|N|
1|10|0|0x565241bdea78-0x565241bdeaa8
2|8|10|0x565241bdc4d0
3|4,5,6|8|0x565241bdc6b8
4|5,7|3|0x565241bdcee8-0x565241bdcf38-0x565241bdd120-0x565241bdd000-0x565241bdd170-0x565241bdd278-0x565241bdd2e8-0x565241bdd3d0-0x565241bdd420-0x565241bdd608-0x565241bdd4e8-0x565241bdd658-0x565241bdd760-0x565241bdd7d0
5|6|4,3|0x565241bdcc18-0x565241bdcd38-0x565241bdcda0
6|7|5,3|0x565241bdc9c8-0x565241bdcae8-0x565241bdcb50
7|8|4,6|0x565241bdc778-0x565241bdc898-0x565241bdc900
8|3,9|7,2|0x565241bdc610-0x565241bdc678
9|10|8|0x565241bdc588
10|2,11|9,1|0x565241bdc428-0x565241bdc490
11|18|10|0x565241bdc3a0
12|13|18|0x565241bdbb30
13|16|12|0x565241bdc260
14|15|16|
15|16|14|0x565241bdc070-0x565241bdc138
16|14,17|15,13|0x565241bdbfb8
17|18|16|0x565241bdeb38-0x565241bdbe20-0x565241bdbef0-0x565241bdeb20
18|12,19|17,11|0x565241bdba58-0x565241bdbaf0
19|20|18|0x565241bdb858-0x565241bdb880-0x565241bdb918-0x565241bdb9d0
20|N|19|#

