0x559b99476488,15
0|1|N|
1|13|0|0x559b994b3848-0x559b994b3878
2|3,4,5,6,9|13|0x559b994a9740
3|4|2|0x559b994b25b0
4|5,7|3,2|0x559b994aab20-0x559b994aeff0-0x559b994ad750-0x559b994af078-0x559b994ad818-0x559b994adda0-0x559b994af170-0x559b994b2520
5|6|4,2|0x559b994aa920-0x559b994aa9a8
6|7,8|5,2|0x559b994aa7d0-0x559b994aa858
7|8|4,6|0x559b994aa640-0x559b994aa6c8
8|12|7,6|0x559b994a9f28-0x559b994aa348-0x559b994aa3f8-0x559b994aa4f0-0x559b994aa578
9|10,11|2|0x559b994a9d80-0x559b994a9df8
10|11|9|0x559b994a9a78
11|12|10,9|0x559b994a9988
12|13|11,8|0x559b994a9860-0x559b994a98f8
13|2,14|12,1|0x559b994a9698-0x559b994a9700
14|15|13|0x559b994a43b8-0x559b994a4448-0x559b994a4490-0x559b994a4570-0x559b994a4600-0x559b994a4648-0x559b994a7eb8-0x559b994a7ee0-0x559b994a7f98-0x559b994a9020-0x559b994a9520-0x559b994a9610
15|N|14|#

