0x563f18a52c68,9
0|1,3|N|
1|7|0|0x563f18a69a28-0x563f18a69a58
2|4,5,6|7|0x563f18a610b0
3|4|0|0x563f18a68818-0x563f18a698a0-0x563f18a69918-0x563f18a69960
4|5|3,2|0x563f18a67e18-0x563f18a68158-0x563f18a67ee8-0x563f18a681e0-0x563f18a67ff0-0x563f18a680c8-0x563f18a682d8-0x563f18a68700
5|6|4,2|0x563f18a66918-0x563f18a66c58-0x563f18a669e8-0x563f18a66ce0-0x563f18a66af0-0x563f18a66bc8-0x563f18a66dd8-0x563f18a67cd0
6|7|5,2|0x563f18a611d8-0x563f18a65710-0x563f18a63e10-0x563f18a65798-0x563f18a63f30-0x563f18a644c0-0x563f18a65890-0x563f18a667d0
7|2,8|6,1|0x563f18a61050
8|9|7|0x563f18a60b38-0x563f18a60bc8-0x563f18a60c10-0x563f18a60d78-0x563f18a60e08-0x563f18a60e50-0x563f18a60f38-0x563f18a60fe0
9|N|8|#

