0x55fc4b8a50a8,28
0|1|N|
1|6|0|0x55fc4b901be8-0x55fc4b901c18
2|3,4|6|0x55fc4b8fe168
3|5|2|0x55fc4b8fe430
4|5|2|0x55fc4b8fe308
5|6|4,3|0x55fc4b8fe218
6|2,7|5,1|0x55fc4b8fe128
7|8,9,10|6|0x55fc4b8fe018-0x55fc4b8fe040-0x55fc4b8fe098
8|9|7|0x55fc4b8fcb48-0x55fc4b8fcc48-0x55fc4b8fcc98
9|10|8,7|0x55fc4b8fc8b8-0x55fc4b8fc9b8-0x55fc4b8fca40
10|11,12,13|9,7|0x55fc4b8fc730-0x55fc4b8fc7f0
11|12|10|0x55fc4b8fc538-0x55fc4b8fc638-0x55fc4b8fc688
12|13|11,10|0x55fc4b8fc2a8-0x55fc4b8fc3a8-0x55fc4b8fc430
13|14,15,16|12,10|0x55fc4b8fc1e0
14|15|13|0x55fc4b8fc040-0x55fc4b8fc100-0x55fc4b8fc150
15|16|14,13|0x55fc4b8fbdb0-0x55fc4b8fbe70-0x55fc4b8fbef8
16|17,18,19|15,13|0x55fc4b8fbbe8-0x55fc4b8fbca8
17|18|16|0x55fc4b8fba30-0x55fc4b8fbaf0-0x55fc4b8fbb40
18|19|17,16|0x55fc4b8fb7a0-0x55fc4b8fb860-0x55fc4b8fb8e8
19|26|18,16|0x55fc4b8fb528-0x55fc4b8fb5b0-0x55fc4b8fb620-0x55fc4b8fb698
20|24|26|0x55fc4b8fadd0
21|22,23|24|0x55fc4b8fb0b0
22|23|21|0x55fc4b8fb378-0x55fc4b8fb3f0
23|24|22,21|0x55fc4b8fb170-0x55fc4b8fb290-0x55fc4b8fb300
24|21,25|23,20|0x55fc4b8fafa0-0x55fc4b8fb008-0x55fc4b8fb070
25|26|24|0x55fc4b8fae28
26|20,27|25,19|0x55fc4b8facf8-0x55fc4b8fad90
27|28|26|0x55fc4b901d68-0x55fc4b901d50-0x55fc4b901d38-0x55fc4b901d20-0x55fc4b901d08-0x55fc4b8fac68
28|N|27|#

