0x562449779778,16
0|1,2,7,9,14|N|
1|3,4|0|0x562449788168
2|3,5|0|0x562449788130
3|4|2,1|0x5624497880a0
4|5,6|3,1|0x562449788010
5|6|2,4|0x562449787f40
6|8|5,4|0x562449787d08-0x562449787dd0-0x562449787e20-0x562449787eb0
7|8|0|0x562449787c50
8|10|7,6|0x562449787bb0-0x562449787c20
9|10,11,13|0|0x562449787b38
10|11,12|9,8|0x562449787ae8
11|12|9,10|0x5624497879f8
12|13|11,10|0x562449787968
13|15|9,12|0x5624497876e0-0x562449787800-0x562449787850-0x5624497878d8
14|15|0|0x562449779910
15|16|14,13|0x562449779870-0x5624497798e0
16|N|15|#

