0x562634bfd948,20
0|1|N|
1|2,3|0|0x562634c07190-0x562634c071c0
2|3|1|0x562634c07040-0x562634c070f0
3|4,5|2,1|0x562634c06bf8
4|5|3|0x562634c06a88-0x562634c06b38
5|6,7|4,3|0x562634c06610
6|7|5|0x562634c064a0-0x562634c06550
7|18|6,5|0x562634c06058
8|9,16|18|0x562634bfdee0
9|10,11|8|0x562634c05940-0x562634c05a48-0x562634c05e68-0x562634c05f18
10|11|9|0x562634c057e8-0x562634c05898
11|12,13|10,9|0x562634c053a0
12|13|11|0x562634c05230-0x562634c052e0
13|14,15|12,11|0x562634c040e0
14|15|13|0x562634c03b20-0x562634c04020
15|17|14,13|0x562634bfe180
16|17|8|0x562634bfe0f8
17|18|16,15|0x562634bfe000-0x562634bfe098
18|8,19|17,7|0x562634bfde38-0x562634bfdea0
19|20|18|0x562634bfdb68-0x562634bfdbf8-0x562634bfdc40-0x562634bfdcf8-0x562634bfddb0
20|N|19|#

