0x55a43f552bb8,24
0|1,2,13,17,22|N|
1|3|0|0x55a43f55a750-0x55a43f55a7e0-0x55a43f55a828
2|3,4|0|0x55a43f55a5f8-0x55a43f55a688-0x55a43f55a6d0
3|4|2,1|0x55a43f55a560
4|11|2,3|0x55a43f55a4e8
5|6,7|11|0x55a43f559ef0
6|7|5|0x55a43f55a3f0
7|8,9,10|6,5|0x55a43f55a2f8-0x55a43f55a390
8|9|7|0x55a43f55a208
9|10|8,7|0x55a43f55a100-0x55a43f55a188
10|11|9,7|0x55a43f559fb0-0x55a43f55a038
11|5,12|10,4|0x55a43f559e48-0x55a43f559eb0
12|14,15,16|11|0x55a43f559dc0
13|14|0|0x55a43f559c20-0x55a43f559cb0-0x55a43f559cf8
14|15|13,12|0x55a43f559b70
15|16|14,12|0x55a43f559778
16|18|15,12|0x55a43f558890-0x55a43f558940-0x55a43f5589e0-0x55a43f558a28-0x55a43f5593a0
17|18,19,21|0|0x55a43f5535a0-0x55a43f553630-0x55a43f553678
18|19,20|17,16|0x55a43f553508
19|20|17,18|0x55a43f553418
20|21|19,18|0x55a43f553388
21|23|17,20|0x55a43f553220-0x55a43f553270-0x55a43f5532f8
22|23|0|0x55a43f552fb8-0x55a43f553048-0x55a43f553090
23|24|22,21|0x55a43f55a8d8-0x55a43f55a8c0-0x55a43f552e20-0x55a43f552e90
24|N|23|#

