0x55a48e1953c8,19
0|1|N|
1|2,3|0|0x55a48e19dc08-0x55a48e19dc38
2|3|1|0x55a48e19db98
3|17|2,1|0x55a48e19dab8-0x55a48e19db28
4|5,15|17|0x55a48e19a130
5|6,7|4|0x55a48e19d990
6|7|5|0x55a48e19d150-0x55a48e19d5f0-0x55a48e19d6a0
7|11|6,5|0x55a48e19af30
8|9,10|11|0x55a48e19ad88
9|10|8|0x55a48e19aea0
10|11|9,8|0x55a48e19ae50
11|8,12|10,7|0x55a48e19ad48
12|13,14|11|0x55a48e19ac68
13|14|12|0x55a48e19ab90
14|16|13,12|0x55a48e19a998-0x55a48e19aa80-0x55a48e19aad0-0x55a48e19ab40
15|16|4|0x55a48e19a3f0-0x55a48e19a810-0x55a48e19a8c0
16|17|15,14|0x55a48e19a250-0x55a48e19a2e8
17|4,18|16,3|0x55a48e19a088-0x55a48e19a0f0
18|19|17|0x55a48e1955e8-0x55a48e195678-0x55a48e1956c0-0x55a48e1957a0-0x55a48e195830-0x55a48e195878-0x55a48e199a10-0x55a48e199f10-0x55a48e19a000
19|N|18|#

