0x55d4bc077058,14
0|1,2|N|
1|3|0|0x55d4bc07d5f0
2|3|0|0x55d4bc07d5b8
3|7|2,1|0x55d4bc07d588
4|5,6|7|0x55d4bc07cc38
5|6|4|0x55d4bc07cea8-0x55d4bc07cfa8-0x55d4bc07d020-0x55d4bc07d048-0x55d4bc07d1b0-0x55d4bc07d2a0-0x55d4bc07d318-0x55d4bc07d340
6|7|5,4|0x55d4bc07ccf8-0x55d4bc07cd90
7|4,8|6,3|0x55d4bc07cb90-0x55d4bc07cbf8
8|12|7|0x55d4bc07cb00
9|10,11|12|0x55d4bc077548
10|11|9|0x55d4bc077810-0x55d4bc077910-0x55d4bc0779e0-0x55d4bc077a08-0x55d4bc077b70-0x55d4bc07c978-0x55d4bc07c9f0-0x55d4bc07ca18
11|12|10,9|0x55d4bc077660-0x55d4bc0776f8
12|9,13|11,8|0x55d4bc0774a0-0x55d4bc077508
13|14|12|0x55d4bc07d710-0x55d4bc07d6f8-0x55d4bc07d6e0-0x55d4bc07d6c8-0x55d4bc07d6b0-0x55d4bc077410
14|N|13|#

