0x55d8d63e5e78,21
0|1|N|
1|8|0|0x55d8d641aa78-0x55d8d641aaa8
2|6|8|0x55d8d64189d8
3|4,5|6|0x55d8d6418bc0
4|5|3|0x55d8d6418ef0-0x55d8d6418f40-0x55d8d6419128-0x55d8d6419008-0x55d8d6419178-0x55d8d6419280-0x55d8d64192f0-0x55d8d64193d8-0x55d8d6419428-0x55d8d6419610-0x55d8d64194f0-0x55d8d6419660-0x55d8d6419768-0x55d8d64197d8
5|6|4,3|0x55d8d6418cc0-0x55d8d6418da0-0x55d8d6418e08
6|3,7|5,2|0x55d8d6418b18-0x55d8d6418b80
7|8|6|0x55d8d6418a90
8|2,9|7,1|0x55d8d6418930-0x55d8d6418998
9|19|8|0x55d8d64187f0-0x55d8d64188a8
10|11|19|0x55d8d6417770
11|12,13|10|0x55d8d64186c0
12|14|11|0x55d8d64184f0-0x55d8d6418598
13|14|11|0x55d8d6418368-0x55d8d6418410
14|17|13,12|0x55d8d6418228-0x55d8d6418298
15|16|17|0x55d8d6417f30
16|17|15|0x55d8d6418070-0x55d8d6418118
17|15,18|16,14|0x55d8d6417e88-0x55d8d6417ef0
18|19|17|0x55d8d6417a40-0x55d8d6417b10-0x55d8d6417be0-0x55d8d6417c48-0x55d8d6417c90-0x55d8d6417d48-0x55d8d6417e00
19|10,20|18,9|0x55d8d64176a0-0x55d8d6417730
20|21|19|0x55d8d6417538-0x55d8d6417560-0x55d8d6417618
21|N|20|#

