0x5591de304da0,18
0|1|N|
1|12|0|0x5591de35e9e8-0x5591de35ea90-0x5591de35eae0
2|3|12|0x5591de35b378
3|10|2|0x5591de35e520-0x5591de35e768-0x5591de35e890
4|7,9|10|0x5591de35b4f8
5|6|7|0x5591de35b938
6|7|5|0x5591de35b9f8-0x5591de35bb18-0x5591de35bc70-0x5591de35df20-0x5591de35dfe0-0x5591de35e030
7|5,8|6,4|0x5591de35b8f8
8|9|7|0x5591de35b888
9|10|8,4|0x5591de35b600-0x5591de35b6c8-0x5591de35b730-0x5591de35b7c8
10|4,11|9,3|0x5591de35b4b8
11|12|10|0x5591de35b430
12|2,13|11,1|0x5591de35b338
13|16|12|0x5591de35b2c8
14|15|16|0x5591de35a8b8
15|16|14|0x5591de35ab08-0x5591de35ac50-0x5591de35add0-0x5591de35ae38-0x5591de35af20-0x5591de35b0a0-0x5591de35b140-0x5591de35b198
16|14,17|15,13|0x5591de35a878
17|18|16|0x5591de32eb48-0x5591de32eb70-0x5591de359e60-0x5591de35a0a0-0x5591de35a0f0-0x5591de35a638-0x5591de35a6e8-0x5591de35a738-0x5591de35a7f0
18|N|17|#

