0x5614326c1738,18
0|1,8|N|
1|4|0|0x5614326f7b38-0x5614326f7b68
2|3|4|0x5614326f72a0
3|4|2|0x5614326f73e0-0x5614326f7448
4|2,5|3,1|0x5614326f7260
5|6,7|4|0x5614326f70f8-0x5614326f7120-0x5614326f71d0
6|7|5|0x5614326f6d90-0x5614326f6e08-0x5614326f6e80
7|9|6,5|0x5614326f6d18
8|9,10|0|0x5614326f6c58-0x5614326f6c80
9|10|8,7|0x5614326f5ac0
10|16|8,9|0x5614326f5a30
11|12,13|16|0x5614326f3b20
12|13|11|0x5614326f5930
13|14,15|12,11|0x5614326f5480-0x5614326f58a0
14|15|13|0x5614326f53a0
15|16|14,13|0x5614326f3c70-0x5614326f5310
16|11,17|15,10|0x5614326f3a50-0x5614326f3ae0
17|18|16|0x5614326f2d60-0x5614326f2df0-0x5614326f2e58-0x5614326f2ee8-0x5614326f2f50-0x5614326f2fe0-0x5614326f3048-0x5614326f30d8-0x5614326f3140-0x5614326f31d0-0x5614326f3238-0x5614326f32c8-0x5614326f3330-0x5614326f33c0-0x5614326f3428-0x5614326f34b8-0x5614326f36f0-0x5614326f3740-0x5614326f7c48-0x5614326f7c30-0x5614326f7c18-0x5614326f39c0
18|N|17|#

