0x559bfc525fb8,15
0|1|N|
1|8|0|0x559bfc55edf8-0x559bfc55ee28
2|6|8|0x559bfc55d098
3|4,5|6|0x559bfc55d280
4|5|3|0x559bfc55d650-0x559bfc55d700-0x559bfc55d7e0-0x559bfc55d900-0x559bfc55d988-0x559bfc55daa8-0x559bfc55db50
5|6|4,3|0x559bfc55d340-0x559bfc55d3a8-0x559bfc55d4c8-0x559bfc55d530-0x559bfc55d568
6|3,7|5,2|0x559bfc55d1d8-0x559bfc55d240
7|8|6|0x559bfc55d150
8|2,9|7,1|0x559bfc55cff0-0x559bfc55d058
9|13|8|0x559bfc5589e0-0x559bfc558a08-0x559bfc558b20-0x559bfc55ce00-0x559bfc55b780-0x559bfc55ce80-0x559bfc55bbd0-0x559bfc55cf68
10|11,12|13|0x559bfc553210
11|12|10|0x559bfc5578f8-0x559bfc557960
12|13|11,10|0x559bfc553360-0x559bfc5533c8-0x559bfc553490
13|10,14|12,9|0x559bfc553140-0x559bfc5531d0
14|15|13|0x559bfc552fd8-0x559bfc553000-0x559bfc5530b8
15|N|14|#

