0x55993251f748,16
0|1|N|
1|14|0|0x559932551bc0-0x559932553df0-0x559932553e68-0x559932553eb0
2|3,4|14|0x55993254d9a0
3|4|2|0x559932550908-0x5599325509f0-0x559932550aa0
4|12|3,2|0x55993254e4a8
5|6,7,8|12|0x55993254dd90
6|7|5|0x55993254e390
7|8|6,5|0x55993254e310
8|9,10,11|7,5|0x55993254e280
9|10|8|0x55993254e1c8
10|11|9,8|0x55993254e148
11|12|10,8|0x55993254dec8-0x55993254dfe0-0x55993254e030-0x55993254e0b8
12|5,13|11,4|0x55993254dc80-0x55993254dce8-0x55993254dd50
13|14|12|0x55993254da58-0x55993254db10
14|2,15|13,1|0x55993254d8d0-0x55993254d960
15|16|14|0x55993254d5e8-0x55993254d678-0x55993254d6c0-0x55993254d790-0x55993254d848
16|N|15|#

