0x561b4dcab568,10
0|1|N|
1|8|0|0x561b4dd0a140-0x561b4dd0a170
2|3,4|8|
3|4|2|0x561b4dd0a088
4|7|3,2|0x561b4dd0a028
5|6|7|
6|7|5|0x561b4dd07720-0x561b4dd09900-0x561b4dd09e00-0x561b4dd09f18-0x561b4dd09f68
7|5,8|6,4|0x561b4dd07520-0x561b4dd07588
8|2,9|7,1|0x561b4dd073a8
9|10|8|0x561b4dcab788-0x561b4dcab818-0x561b4dcab860-0x561b4dcd8828-0x561b4dcd88b8-0x561b4dcd8920-0x561b4dcd89b0-0x561b4dcd8a18-0x561b4dcd8aa8-0x561b4dcd8b10-0x561b4dcd8ba0-0x561b4dcd8c08-0x561b4dcd8c98-0x561b4dcd8d00-0x561b4dcd8d90-0x561b4dcd8df8-0x561b4dcd8e88-0x561b4dcd8ef0-0x561b4dcd8f80-0x561b4dcdc5c0-0x561b4dcdc650-0x561b4dcdc6b8-0x561b4dcdc748-0x561b4dcdc7b0-0x561b4dcdc840-0x561b4dcdc8a8-0x561b4dcdc938-0x561b4dcdc9a0-0x561b4dcdca30-0x561b4dcdcc70-0x561b4dcdccc0-0x561b4dd07230-0x561b4dd07280-0x561b4dd07338
10|N|9|#

