0x559bbd5a2948,14
0|1|N|
1|12|0|0x559bbd5da728-0x559bbd5da758
2|3,4,5|12|0x559bbd5ce9d0
3|4,6|2|0x559bbd5da490-0x559bbd5da540-0x559bbd5da5e8-0x559bbd5da638
4|5|3,2|0x559bbd5d9968-0x559bbd5da330
5|6|4,2|0x559bbd5d9818-0x559bbd5d98a0
6|10|3,5|0x559bbd5d9720-0x559bbd5d97a8
7|8,9|10|0x559bbd5ceec0
8|9|7|0x559bbd5d8008-0x559bbd5d80c8-0x559bbd5d9130-0x559bbd5d9630
9|10|8,7|0x559bbd5cefd0-0x559bbd5d6db0-0x559bbd5d53f0-0x559bbd5d6e38-0x559bbd5d54b8-0x559bbd5d55d0-0x559bbd5d5b60-0x559bbd5d6f30-0x559bbd5d7ed0
10|7,11|9,6|0x559bbd5cedb0-0x559bbd5cee18-0x559bbd5cee80
11|12|10|0x559bbd5ceab0-0x559bbd5ceb40-0x559bbd5ceb88-0x559bbd5cec40
12|2,13|11,1|0x559bbd5ce8f8-0x559bbd5ce990
13|14|12|0x559bbd5ce628-0x559bbd5ce6b8-0x559bbd5ce700-0x559bbd5ce7b8-0x559bbd5ce870
14|N|13|#

