0x558c34655be0,12
0|1|N|
1|10|0|0x558c34680ec8-0x558c34680f18
2|3,4|10|0x558c34680530
3|4|2|0x558c34680d58-0x558c34680dc0
4|8|3,2|0x558c34680c10
5|6,7|8|0x558c346807e0
6|7|5|0x558c34680b28
7|8|6,5|0x558c34680930-0x558c34680a40-0x558c34680ad8
8|5,9|7,4|0x558c34680710-0x558c346807a0
9|10|8|0x558c346805d0-0x558c34680688
10|2,11|9,1|0x558c34680488-0x558c346804f0
11|12|10|0x558c346732a8-0x558c346732d0-0x558c346733e8-0x558c346801f0-0x558c3467e7b0-0x558c34680278-0x558c3467e880-0x558c34680300-0x558c3467efa0-0x558c34680400
12|N|11|#

