0x55fce3d024d0,47
0|1|N|
1|15|0|0x55fce3d67dc0-0x55fce3d67e10
2|3,13|15|0x55fce3d653d0
3|4,5|2|0x55fce3d67c40-0x55fce3d67b60-0x55fce3d67c90
4|6|3|0x55fce3d67728-0x55fce3d677c8-0x55fce3d67908-0x55fce3d679a8-0x55fce3d67588-0x55fce3d67628-0x55fce3d67a30
5|6|3|0x55fce3d67198-0x55fce3d67238-0x55fce3d67378-0x55fce3d67418-0x55fce3d66ff8-0x55fce3d67098-0x55fce3d674a0
6|9|5,4|0x55fce3d66ae0-0x55fce3d66ef8
7|8|9|
8|9|7|0x55fce3d66910-0x55fce3d669b0-0x55fce3d667d0-0x55fce3d66a00
9|7,12|8,6|0x55fce3d664a0-0x55fce3d66540-0x55fce3d66660-0x55fce3d666c8
10|11|12|
11|12|10|0x55fce3d66270-0x55fce3d66310-0x55fce3d66170-0x55fce3d66360
12|10,13,14|11,9|0x55fce3d65ec0-0x55fce3d65f60-0x55fce3d66040-0x55fce3d660a8
13|14|12,2|0x55fce3d65988-0x55fce3d65da0
14|15|12,13|0x55fce3d65490-0x55fce3d658a8
15|2,16|14,1|0x55fce3d65328-0x55fce3d65390
16|30|15|0x55fce3d652a0
17|18,28|30|0x55fce3d619c0
18|19,20|17|0x55fce3d65110-0x55fce3d65030-0x55fce3d65160
19|21|18|0x55fce3d64bf8-0x55fce3d64c98-0x55fce3d64dd8-0x55fce3d64e78-0x55fce3d63b78-0x55fce3d63c18-0x55fce3d64f00
20|21|18|0x55fce3d63788-0x55fce3d63828-0x55fce3d63968-0x55fce3d63a08-0x55fce3d635e8-0x55fce3d63688-0x55fce3d63a90
21|24|20,19|0x55fce3d630d0-0x55fce3d634e8
22|23|24|
23|24|22|0x55fce3d62f00-0x55fce3d62fa0-0x55fce3d62dc0-0x55fce3d62ff0
24|22,27|23,21|0x55fce3d62a90-0x55fce3d62b30-0x55fce3d62c50-0x55fce3d62cb8
25|26|27|
26|27|25|0x55fce3d62860-0x55fce3d62900-0x55fce3d62760-0x55fce3d62950
27|25,28,29|26,24|0x55fce3d624b0-0x55fce3d62550-0x55fce3d62630-0x55fce3d62698
28|29|27,17|0x55fce3d61f78-0x55fce3d62390
29|30|27,28|0x55fce3d61a80-0x55fce3d61e98
30|17,31|29,16|0x55fce3d61918-0x55fce3d61980
31|41|30|0x55fce3d61890
32|33,40|41|0x55fce3d5d060
33|36|32|0x55fce3d5eb20-0x55fce3d5ebc0-0x55fce3d5ed00-0x55fce3d5eda0-0x55fce3d614a0-0x55fce3d5e920-0x55fce3d5e9c0-0x55fce3d61518-0x55fce3d61700-0x55fce3d61620-0x55fce3d61750
34|35|36|
35|36|34|0x55fce3d5e730-0x55fce3d5e7d0-0x55fce3d5e5f0-0x55fce3d5e820
36|34,39|35,33|0x55fce3d5e2c0-0x55fce3d5e360-0x55fce3d5e480-0x55fce3d5e4e8
37|38|39|
38|39|37|0x55fce3d5e090-0x55fce3d5e130-0x55fce3d5df90-0x55fce3d5e180
39|37,40|38,36|0x55fce3d5dce0-0x55fce3d5dd80-0x55fce3d5de60-0x55fce3d5dec8
40|41|39,32|0x55fce3d5d1b0-0x55fce3d5db80
41|32,42|40,31|0x55fce3d5cf90-0x55fce3d5d020
42|45|41|0x55fce3d5cf08
43|44|45|0x55fce3d5cce0
44|45|43|0x55fce3d5cdc8
45|43,46|44,42|0x55fce3d5cc10-0x55fce3d5cca0
46|47|45|0x55fce3d5c848-0x55fce3d5c870-0x55fce3d5caa8-0x55fce3d5cad0-0x55fce3d5cb88
47|N|46|#

