0x5648137f5fe8,15
0|1,2|N|
1|3|0|0x564813810230-0x564813810260
2|3|0|0x5648137fb5c0-0x56481380ff50-0x564813804650-0x56481380ffe8-0x5648138100e8-0x564813810140-0x564813810190-0x5648138101c0
3|13|2,1|0x5648137fb410-0x5648137fb478
4|5|13|0x5648137f6580
5|6,7,10|4|0x5648137fadf0-0x5648137fb2f0
6|8,9|5|0x5648137f9ce0
7|8|5|0x5648137f9c80
8|9|7,6|0x5648137f6aa0
9|11,12|8,6|0x5648137f6a10
10|11|5|0x5648137f6980
11|12|10,9|0x5648137f6878
12|13|11,9|0x5648137f6710-0x5648137f6760-0x5648137f67e8
13|4,14|12,3|0x5648137f64d8-0x5648137f6540
14|15|13|0x5648137f6130-0x5648137f62c0-0x5648137f6350-0x5648137f6398-0x5648137f6450
15|N|14|#

