0x560cbc972158,14
0|1,12|N|
1|10|0|0x560cbc975988-0x560cbc9759b8
2|3|10|0x560cbc973420
3|4,5|2|0x560cbc9757e0-0x560cbc975890
4|6|3|0x560cbc975350
5|6|3|0x560cbc9751b8
6|7,8|5,4|0x560cbc9749b0-0x560cbc974eb0-0x560cbc975020
7|9|6|0x560cbc9738d8
8|9|6|0x560cbc973740
9|10|8,7|0x560cbc9734b0-0x560cbc9735a8
10|2,11|9,1|0x560cbc9733e0
11|13|10|0x560cbc972ad8-0x560cbc972b00-0x560cbc972b98-0x560cbc972cc0-0x560cbc972db8-0x560cbc972e80-0x560cbc972f50-0x560cbc9730d0-0x560cbc9731e0-0x560cbc973270-0x560cbc9732b8-0x560cbc973370
12|13|0|0x560cbc972508-0x560cbc972598-0x560cbc9725e0
13|14|12,11|0x560cbc972308-0x560cbc972370-0x560cbc9723e0
14|N|13|#

