0x56197b66f978,16
0|1|N|
1|12|0|0x56197b6a5958-0x56197b6a5988
2|3,4|12|0x56197b6a2a68
3|11|2|0x56197b6a4610-0x56197b6a46f0
4|5,6|2|0x56197b6a44e0
5|6|4|0x56197b6a4210
6|7,8|5,4|0x56197b6a4108
7|8|6|0x56197b6a3c98
8|9,10|7,6|0x56197b6a3b90
9|10|8|0x56197b6a36f8
10|11|9,8|0x56197b6a35f0
11|12|10,3|0x56197b6a2b80-0x56197b6a2c18
12|2,13|11,1|0x56197b6a29c0-0x56197b6a2a28
13|14,15|12|0x56197b6a2938
14|15|13|0x56197b6a2330-0x56197b6a2830
15|16|14,13|0x56197b69d888-0x56197b69d918-0x56197b69d960-0x56197b6a1198-0x56197b6a11c0-0x56197b6a1228-0x56197b6a1298
16|N|15|#

