0x55611af6e918,23
0|1|N|
1|2,3|0|0x55611b175630-0x55611b175660
2|3|1|0x55611b1755c0
3|9|2,1|0x55611b1754e0-0x55611b175550
4|7|9|0x55611b172968
5|6|7|0x55611b172b58
6|7|5|0x55611b172ca0-0x55611b174e80-0x55611b175320-0x55611b1753d0
7|5,8|6,4|0x55611b172b18
8|9|7|0x55611b172a20
9|4,10|8,3|0x55611b172928
10|15|9|0x55611b1728b8
11|12,13|15|0x55611b171f48
12|14|11|0x55611b1726a0-0x55611b172780
13|14|11|0x55611b172220-0x55611b1722c8-0x55611b172580
14|15|13,12|0x55611b172060-0x55611b1720f8
15|11,16|14,10|0x55611b171ea0-0x55611b171f08
16|17,18|15|0x55611b171e18
17|18|16|0x55611b171810-0x55611b171d10
18|21|17,16|0x55611b1703f8-0x55611b170488-0x55611b175720-0x55611b1705b0-0x55611b170640-0x55611b175708-0x55611b170708-0x55611b170778
19|20|21|0x55611b170210
20|21|19|0x55611b1702d8
21|19,22|20,18|0x55611b1701d0
22|23|21|0x55611b056868-0x55611b05e930-0x55611b0617e0-0x55611b065c50-0x55611b068b00-0x55611b06b9b0-0x55611b06e880-0x55611b071730-0x55611b0745e0-0x55611b077490-0x55611b077938-0x55611b0779a0-0x55611b150210-0x55611b153df0-0x55611b156ca0-0x55611b15a880-0x55611b161100-0x55611b163fb0-0x55611b166e60-0x55611b169d10-0x55611b16cbc0-0x55611b16fa70-0x55611b16ff18-0x55611b16ff80-0x55611b1700a8-0x55611b170160
23|N|22|#

