0x563d7a748688,13
0|1|N|
1|2,3|0|0x563d7a77a758-0x563d7a77a788
2|3|1|0x563d7a779e38-0x563d7a779f00-0x563d7a77a070
3|11|2,1|0x563d7a779c38-0x563d7a779d00-0x563d7a779d68
4|9|11|0x563d7a7780f0
5|6,7|9|0x563d7a778330
6|7,8|5|0x563d7a778b80-0x563d7a778c60-0x563d7a779ad0
7|8|6,5|0x563d7a7785e0-0x563d7a7786c0-0x563d7a778788-0x563d7a7788c0-0x563d7a778988-0x563d7a778a50-0x563d7a778a78
8|9|6,7|0x563d7a778398-0x563d7a778408
9|5,10|8,4|0x563d7a778288-0x563d7a7782f0
10|11|9|0x563d7a778200
11|4,12|10,3|0x563d7a778020-0x563d7a7780b0
12|13|11|0x563d7a777eb8-0x563d7a777ee0-0x563d7a777f98
13|N|12|#

