0x56053e1beeb8,15
0|1|N|
1|5|0|0x56053e1f86d8-0x56053e1f8708
2|3,4|5|0x56053e1f5ee0
3|4|2|0x56053e1f7428-0x56053e1f7490
4|5|3,2|0x56053e1f5ff0-0x56053e1f62f8-0x56053e1f60c0-0x56053e1f6380-0x56053e1f6188-0x56053e1f6268-0x56053e1f6478-0x56053e1f72b0
5|2,6|4,1|0x56053e1f5e38-0x56053e1f5ea0
6|13|5|0x56053e1f5db0
7|8,9,11|13|0x56053e1eee80
8|10|7|0x56053e1f5be8-0x56053e1f5c50
9|10|7|0x56053e1f5a00-0x56053e1f5a68
10|12|9,8|0x56053e1f5098-0x56053e1f53a0-0x56053e1f5168-0x56053e1f5428-0x56053e1f5230-0x56053e1f5310-0x56053e1f5520-0x56053e1f5888
11|12|7|
12|13|11,10|0x56053e1eef90-0x56053e1f3f00-0x56053e1f1c30-0x56053e1f3f88-0x56053e1f1d50-0x56053e1f2cb0-0x56053e1f4080-0x56053e1f4f30
13|7,14|12,6|0x56053e1eedb0-0x56053e1eee40
14|15|13|0x56053e1ee788-0x56053e1ee7b0-0x56053e1ee9e8-0x56053e1eea10-0x56053e1eec48-0x56053e1eec70-0x56053e1eed28
15|N|14|#

