0x562a082368d0,6
0|1|N|
1|4|0|0x562a08265100
2|3|4|0x562a08262750
3|4|2|0x562a082628c0-0x562a08264fb0-0x562a08265048
4|2,5|3,1|0x562a08262678-0x562a08262710
5|6|4|0x562a082624f8-0x562a08262590-0x562a082625e8
6|N|5|#
0x562a082653c0,10
0|1|N|
1|8|0|0x562a08267240
2|3|8|
3|6|2|0x562a08266fd0-0x562a08267118-0x562a082670d0-0x562a08267188
4|5|6|0x562a08266a98
5|6|4|0x562a08266b78-0x562a08266d58-0x562a08266e48
6|4,7|5,3|0x562a082669f0-0x562a08266a58
7|8|6|0x562a082668b0-0x562a08266968
8|2,9|7,1|0x562a08266778-0x562a082667d8
9|10|8|0x562a08265520-0x562a082655b8-0x562a082665f0-0x562a08265710-0x562a08266660
10|N|9|#

