0x558a69db51f8,12
0|1|N|
1|6|0|0x558a69dec558-0x558a69dec588
2|3,4|6|0x558a69deae60
3|5|2|0x558a69deb280-0x558a69deb2e8
4|5|2|0x558a69deb098-0x558a69deb100
5|6|4,3|0x558a69deaf10
6|2,7|5,1|0x558a69deadb8-0x558a69deae20
7|10|6|0x558a69de5170-0x558a69dea9b0-0x558a69de7de0-0x558a69deaa38-0x558a69de8230-0x558a69deaca8-0x558a69deacd0-0x558a69dead28
8|9|10|0x558a69de4d88
9|10|8|0x558a69de4f90-0x558a69de4ff8
10|8,11|9,7|0x558a69de4cc8-0x558a69de4d48
11|12|10|0x558a69de4ac8-0x558a69de4af0-0x558a69de4b88-0x558a69de4be0
12|N|11|#

