0x556e94ff0a58,13
0|1|N|
1|7|0|0x556e95027e08-0x556e95027e38
2|3,4|7|0x556e95026660
3|4|2|0x556e95026b38-0x556e95026ba0
4|5,6|3,2|0x556e950269f0
5|6|4|0x556e95026898-0x556e95026900
6|7|5,4|0x556e95026710
7|2,8|6,1|0x556e950265b8-0x556e95026620
8|11|7|0x556e95020b70-0x556e950263c0-0x556e950237e0-0x556e95026448-0x556e95023c30-0x556e95026530
9|10|11|0x556e95020788
10|11|9|0x556e95020990-0x556e950209f8
11|9,12|10,8|0x556e950206c8-0x556e95020748
12|13|11|0x556e950202a8-0x556e950202d0-0x556e95020508-0x556e95020530-0x556e950205e8
13|N|12|#

