0x560e66d9fd58,6
0|1|N|
1|4|0|0x560e66da3570-0x560e66da35a0
2|3|4|0x560e66da1a90
3|4|2|0x560e66da1c30-0x560e66da1e98-0x560e66da2f90-0x560e66da3490
4|2,5|3,1|0x560e66da19e8-0x560e66da1a50
5|6|4|0x560e66da1840-0x560e66da1868-0x560e66da1900-0x560e66da1958
6|N|5|#
0x560e66da3688,6
0|1|N|
1|4|0|0x560e66da43e0-0x560e66da4410
2|3|4|0x560e66da39f8
3|4|2|0x560e66da3b38-0x560e66da3da0-0x560e66da4250-0x560e66da4300
4|2,5|3,1|0x560e66da3950-0x560e66da39b8
5|6|4|0x560e66da37a8-0x560e66da37d0-0x560e66da3868-0x560e66da38c0
6|N|5|#

