0x560091d0c538,8
0|1|N|
1|6|0|0x560091d44288-0x560091d44828-0x560091d44358-0x560091d448b0-0x560091d447a0-0x560091d45ab8-0x560091d45ae8
2|3,4,5|6|0x560091d3bfe0
3|4|2|0x560091d44078-0x560091d440e0
4|5|3,2|0x560091d42c38-0x560091d42f40-0x560091d42d08-0x560091d42fc8-0x560091d42dd0-0x560091d42eb0-0x560091d430c0-0x560091d43f00
5|6|4,2|0x560091d3c0f0-0x560091d41ac0-0x560091d3ed90-0x560091d41b48-0x560091d3eeb0-0x560091d3f440-0x560091d41c40-0x560091d42af0
6|2,7|5,1|0x560091d3bf10-0x560091d3bfa0
7|8|6|0x560091d3bda8-0x560091d3bdd0-0x560091d3be88
8|N|7|#

