0x55d1d0a004a8,12
0|1|N|
1|10|0|0x55d1d0a34a18-0x55d1d0a34a48
2|3,4,5|10|0x55d1d0a32b80
3|4|2|0x55d1d0a333e8-0x55d1d0a336e0-0x55d1d0a33758
4|5|3,2|0x55d1d0a331a8-0x55d1d0a33268-0x55d1d0a332f8
5|6,9|4,2|0x55d1d0a33148
6|7,8|5|0x55d1d0a33050
7|8|6|0x55d1d0a32f28
8|9|7,6|0x55d1d0a32e10-0x55d1d0a32eb0
9|10|8,5|0x55d1d0a32cc0-0x55d1d0a32d10-0x55d1d0a32db0
10|2,11|9,1|0x55d1d0a32ad8-0x55d1d0a32b40
11|12|10|0x55d1d0a2d3d8-0x55d1d0a2d400-0x55d1d0a32730-0x55d1d0a32758-0x55d1d0a34af0-0x55d1d0a34ad8-0x55d1d0a32958-0x55d1d0a329f0-0x55d1d0a32a48
12|N|11|#

