0x5559a810ac00,14
0|1|N|
1|12|0|0x5559a810e118-0x5559a810e1f0-0x5559a810e2e8-0x5559a810e360-0x5559a810e3a8
2|3,4,5,6,7|12|0x5559a810bcf0
3|4|2|0x5559a810dfc8
4|5|3,2|0x5559a810ded8-0x5559a810df48
5|10,11|4,2|0x5559a810de68
6|7|2|0x5559a810d8b8-0x5559a810dcd8-0x5559a810dd88
7|8,9|6,2|0x5559a810d7b0
8|9|7|0x5559a810c188-0x5559a810d1f0-0x5559a810d6f0
9|10|8,7|0x5559a810c080
10|11|9,5|0x5559a810bf60-0x5559a810bfe8
11|12|10,5|0x5559a810be10-0x5559a810be98
12|2,13|11,1|0x5559a810bc48-0x5559a810bcb0
13|14|12|0x5559a810b780-0x5559a810b810-0x5559a810e438-0x5559a810b920-0x5559a810b9b0-0x5559a810e420-0x5559a810baa8-0x5559a810bb00-0x5559a810bbc0
14|N|13|#

