0x563fce328640,16
0|1|N|
1|14|0|0x563fce3822b0
2|3,4,5,6|14|0x563fce37fe08
3|4|2|0x563fce3821a8
4|5|3,2|0x563fce3820b8-0x563fce382128
5|6|4,2|0x563fce381028-0x563fce381ef0-0x563fce381c40-0x563fce381ff0
6|12|5,2|0x563fce380ee8
7|8,9,10,11|12|0x563fce3800c0
8|9|7|0x563fce380ce8-0x563fce380d90-0x563fce380de0
9|10|8,7|0x563fce380ab0-0x563fce380b58-0x563fce380be0
10|11|9,7|0x563fce380528-0x563fce3805d0-0x563fce380628-0x563fce380688-0x563fce380750-0x563fce3807f8-0x563fce3808d8-0x563fce380980-0x563fce3809e8
11|12|10,7|0x563fce3801e0-0x563fce380350-0x563fce3803f8-0x563fce380460
12|7,13|11,6|0x563fce37ffe8-0x563fce380080
13|14|12|0x563fce37fea8-0x563fce37ff60
14|2,15|13,1|0x563fce37fd60-0x563fce37fdc8
15|16|14|0x563fce37fb28-0x563fce37fb50-0x563fce37fc20-0x563fce37fcd8
16|N|15|#

