0x563e53422a08,42
0|1|N|
1|40|0|0x563e53481ca8-0x563e53481cd8
2|3,4|40|0x563e5347cfe0
3|4|2|0x563e53480990-0x563e53480930
4|5,6,7|3,2|0x563e534807b8-0x563e53480840
5|6|4|0x563e53480668-0x563e53480608
6|7|5,4|0x563e53480470-0x563e534804f8
7|8,9,10|6,4|0x563e53480320-0x563e534803a8
8|9|7|0x563e534801d0-0x563e53480170
9|10|8,7|0x563e5347ffd8-0x563e53480060
10|11,12,13|9,7|0x563e5347fe88-0x563e5347ff10
11|12|10|0x563e5347fd38-0x563e5347fcd8
12|13|11,10|0x563e5347fb40-0x563e5347fbc8
13|14,15,16|12,10|0x563e5347f9f0-0x563e5347fa78
14|15|13|0x563e5347f8a0-0x563e5347f840
15|16|14,13|0x563e5347f6a8-0x563e5347f730
16|17,18,19|15,13|0x563e5347f558-0x563e5347f5e0
17|18|16|0x563e5347f408-0x563e5347f3a8
18|19|17,16|0x563e5347f210-0x563e5347f298
19|20,21,22|18,16|0x563e5347f0c0-0x563e5347f148
20|21|19|0x563e5347ef70-0x563e5347ef10
21|22|20,19|0x563e5347ed78-0x563e5347ee00
22|23,24,25|21,19|0x563e5347ec28-0x563e5347ecb0
23|24|22|0x563e5347ead8-0x563e5347ea78
24|25|23,22|0x563e5347e8e0-0x563e5347e968
25|26,27,28|24,22|0x563e5347e790-0x563e5347e818
26|27|25|0x563e5347e640-0x563e5347e5e0
27|28|26,25|0x563e5347e448-0x563e5347e4d0
28|29,30,31|27,25|0x563e5347e2f8-0x563e5347e380
29|30|28|0x563e5347e1a8-0x563e5347e148
30|31|29,28|0x563e5347dfb0-0x563e5347e038
31|32,33,34|30,28|0x563e5347de60-0x563e5347dee8
32|33|31|0x563e5347dd10-0x563e5347dcb0
33|34|32,31|0x563e5347db18-0x563e5347dba0
34|35,36,37|33,31|0x563e5347d9c8-0x563e5347da50
35|36|34|0x563e5347d878-0x563e5347d818
36|37|35,34|0x563e5347d680-0x563e5347d708
37|38,39|36,34|0x563e5347d530-0x563e5347d5b8
38|39|37|0x563e5347d3e0-0x563e5347d2a8
39|40|38,37|0x563e5347d130-0x563e5347d1b8
40|2,41|39,1|0x563e5347cf10-0x563e5347cfa0
41|42|40|0x563e5347cda8-0x563e5347cdd0-0x563e5347ce88
42|N|41|#

