0x56211d4df5a8,10
0|1|N|
1|8|0|0x56211d4f67f8-0x56211d4f6828
2|3,4|8|0x56211d4eeeb0
3|7|2|0x56211d4f6240-0x56211d4f6660-0x56211d4f6710
4|5,6|2|0x56211d4f5d60-0x56211d4f5e10-0x56211d4f60f0
5|6|4|0x56211d4f3a28-0x56211d4f3ad8
6|7|5,4|0x56211d4ef188-0x56211d4f3450-0x56211d4f1dc0-0x56211d4f34d8-0x56211d4f2210-0x56211d4f3570-0x56211d4f35e0
7|8|6,3|0x56211d4eefd0-0x56211d4ef068
8|2,9|7,1|0x56211d4eee08-0x56211d4eee70
9|10|8|0x56211d4ed478-0x56211d4ed508-0x56211d4ed550-0x56211d4ed630-0x56211d4ed6c0-0x56211d4ed708-0x56211d4ee790-0x56211d4eec90-0x56211d4eed80
10|N|9|#

