0x55f038e71ed0,18
0|1|N|
1|16|0|0x55f038e81638
2|3,4|16|0x55f038e80930
3|4,5,6|2|0x55f038e81560
4|5|3,2|0x55f038e81458-0x55f038e814f0
5|6|3,4|0x55f038e812d8-0x55f038e81370
6|7,8|3,5|0x55f038e81178-0x55f038e81210
7|8|6|0x55f038e81080
8|9,10|7,6|0x55f038e80f98-0x55f038e81030
9|11,12|8|0x55f038e80ea8
10|11|8|0x55f038e80e40
11|12|10,9|0x55f038e80dd8
12|13,14,15|11,9|0x55f038e80d00-0x55f038e80d98
13|14|12|0x55f038e80b90-0x55f038e80bf0
14|15|13,12|0x55f038e80b28
15|16|14,12|0x55f038e80a50-0x55f038e80ae8
16|2,17|15,1|0x55f038e80888-0x55f038e808f0
17|18|16|0x55f038e72000-0x55f038e720a0-0x55f038e80748-0x55f038e80800
18|N|17|#

