0x555809e21bc8,14
0|1|N|
1|12|0|0x555809e37400-0x555809e37430
2|3|12|0x555809e2ffb8
3|4,5|2|0x555809e36e10-0x555809e37310
4|5|3|0x555809e35d48
5|6,7,8,9|4,3|0x555809e30758-0x555809e34b70-0x555809e33390-0x555809e34bf8-0x555809e33920-0x555809e34cf0-0x555809e35c30
6|7|5|0x555809e30600
7|8|6,5|0x555809e304f8
8|10,11|7,5|0x555809e30468
9|10|5|0x555809e303c0
10|11|9,8|0x555809e302b8
11|12|10,8|0x555809e30150-0x555809e301a0-0x555809e30228
12|2,13|11,1|0x555809e2ff10-0x555809e2ff78
13|14|12|0x555809e2fb40-0x555809e2fbd0-0x555809e2fc18-0x555809e2fcf8-0x555809e2fd88-0x555809e2fdd0-0x555809e2fe88
14|N|13|#

