0x56126bc5c180,17
0|1|N|
1|4|0|0x56126bc8eb48
2|3|4|0x56126bc8e8c0
3|4|2|0x56126bc8ea00-0x56126bc8eaa8
4|2,5|3,1|0x56126bc8e818-0x56126bc8e880
5|15|4|0x56126bc8abc0-0x56126bc8e000-0x56126bc8e028-0x56126bc8e1a0-0x56126bc8e6a0-0x56126bc8e790
6|7,8,14|15|0x56126bc8a1c0
7|8|6|0x56126bc8aa20-0x56126bc8aa70
8|12|7,6|0x56126bc8a940
9|10,11|12|0x56126bc8a6d8
10|11|9|0x56126bc8a8b0
11|12|10,9|0x56126bc8a798-0x56126bc8a860
12|9,13|11,8|0x56126bc8a648-0x56126bc8a698
13|14|12|0x56126bc8a440-0x56126bc8a4f8
14|15|13,6|0x56126bc8a310-0x56126bc8a398
15|6,16|14,5|0x56126bc8a0f0-0x56126bc8a180
16|17|15|0x56126bc89fb0-0x56126bc8a068
17|N|16|#

