0x55e3a7558a28,23
0|1,4,12,21|N|
1|19|0|0x55e3a75ca778
2|17|19|0x55e3a75c94b0
3|5|17|0x55e3a75c98c8
4|5|0|0x55e3a75ca680
5|6,7,8|4,3|0x55e3a75ca650
6|7|5|0x55e3a75ca568
7|8|6,5|0x55e3a75ca460-0x55e3a75ca4e8
8|9,10,11|7,5|0x55e3a75ca310-0x55e3a75ca398
9|10|8|0x55e3a75ca230
10|11|9,8|0x55e3a75ca128-0x55e3a75ca1b0
11|13|10,8|0x55e3a75c9fd8-0x55e3a75ca060
12|13,14,16|0|0x55e3a75c9f08
13|14,15|12,11|0x55e3a75c9e30-0x55e3a75c9eb8
14|15|12,13|0x55e3a75c9c80-0x55e3a75c9d08
15|16|14,13|0x55e3a75c9b30-0x55e3a75c9bb8
16|17|12,15|0x55e3a75c99e0-0x55e3a75c9a68
17|3,18|16,2|0x55e3a75c9820-0x55e3a75c9888
18|19|17|0x55e3a75c9650-0x55e3a75c96b0-0x55e3a75c96e0-0x55e3a75c9798
19|2,20|18,1|0x55e3a75a7ce0-0x55e3a75c9390
20|22|19|0x55e3a75a7560-0x55e3a75a7bc0
21|22|0|0x55e3a75a7468
22|23|21,20|0x55e3a75a71c8-0x55e3a75a71f0-0x55e3a75ca808-0x55e3a75ca7f0-0x55e3a75a73c8-0x55e3a75a7438
23|N|22|#

